#Temps	EA1{7}

-4.8E-6	4.91908733919263
-4.7E-6	4.87646962166764
-4.6E-6	4.84387960238382
-4.5E-6	4.80878265853971
-4.4E-6	4.77869956381619
-4.3E-6	4.74109569541179
-4.2E-6	4.70349182700738
-4.1E-6	4.6583671849221
-4E-6	4.60822869371623
-3.9E-6	4.55056942882948
-3.8E-6	4.49040323938243
-3.7E-6	4.4252232008148
-3.6E-6	4.35252238856629
-3.5E-6	4.27230080263689
-3.4E-6	4.18706536758691
-3.3E-6	4.09430915885605
-3.2E-6	3.9965391010046
-3.1E-6	3.89375519403256
-3E-6	3.78345051337965
-2.9E-6	3.66813198360614
-2.8E-6	3.55030652927235
-2.7E-6	3.42245337669738
-2.6E-6	3.29460022412241
-2.5E-6	3.15922629786655
-2.4E-6	3.0238523716107
-2.3E-6	2.88095767167397
-2.2E-6	2.73054219805636
-2.1E-6	2.58263364899904
-2E-6	2.42971125082113
-1.9E-6	2.27428192808293
-1.8E-6	2.11383875622414
-1.7E-6	1.95339558436535
-1.6E-6	1.79044548794627
-1.5E-6	1.6224815424066
-1.4E-6	1.45451759686694
-1.3E-6	1.28655365132727
-1.2E-6	1.11608278122731
-1.1E-6	0.94310498656705
-1E-6	0.772634116467089
-9E-7	0.599656321806833
-8E-7	0.426678527146578
-7E-7	0.253700732486323
-6E-7	0.0807229378260672
-5E-7	-0.087241007713601
-4E-7	-0.257711877813563
-3E-7	-0.428182747913524
-2E-7	-0.596146693453193
-1E-7	-0.761603714432567
0	-0.927060735411942
1E-7	-1.08750390727073
2E-7	-1.24794707912952
3E-7	-1.40337640186772
4E-7	-1.55629880004562
5E-7	-1.70922119822353
6E-7	-1.85462282272056
7E-7	-2.00253137177788
8E-7	-2.14291914715432
9E-7	-2.28079999797046
1E-6	-2.41116007510573
1.1E-6	-2.5365063031204
1.2E-6	-2.66185253113508
1.3E-6	-2.78218491002917
1.4E-6	-2.89499651524238
1.5E-6	-3.0053011958953
1.6E-6	-3.10808510286734
1.7E-6	-3.20836208527908
1.8E-6	-3.29861136944965
1.9E-6	-3.38886065362021
2E-6	-3.4715891641099
2.1E-6	-3.549303825479
2.2E-6	-3.61699078860693
2.3E-6	-3.68467775173485
2.4E-6	-3.75236471486278
2.5E-6	-3.79498243238777
2.6E-6	-3.84512092359364
2.7E-6	-3.88523171655834
2.8E-6	-3.92032866040245
2.9E-6	-3.95291867968626
3E-6	-3.97297407616861
3.1E-6	-3.99052254809067
3.2E-6	-4.00055024633184
3.3E-6	-4.00305717089213
3.4E-6	-4.00305717089213
3.5E-6	-3.99804332177155
3.6E-6	-3.98300177440979
3.7E-6	-3.96294637792744
3.8E-6	-3.9378771323245
3.9E-6	-3.90528711304069
4E-6	-3.87019016919658
4.1E-6	-3.82506552711129
4.2E-6	-3.77743396046571
4.3E-6	-3.72478854469955
4.4E-6	-3.66211543069221
4.5E-6	-3.60194924124517
4.6E-6	-3.53175535355695
4.7E-6	-3.45404069218785
4.8E-6	-3.37632603081875
4.9E-6	-3.28607674664818
5E-6	-3.20585516071878
5.1E-6	-3.10808510286734
5.2E-6	-3.01031504501589
5.3E-6	-2.90502421348356
5.4E-6	-2.80224030651152
5.5E-6	-2.6919356258586
5.6E-6	-2.57912402064539
5.7E-6	-2.4587916417513
5.8E-6	-2.34096618741751
5.9E-6	-2.21561995940283
6E-6	-2.09027373138815
6.1E-6	-1.96242057881318
6.2E-6	-1.83206050167792
6.3E-6	-1.69668657542206
6.4E-6	-1.56131264916621
6.5E-6	-1.42593872291036
6.6E-6	-1.28805787209421
6.7E-6	-1.14516317215748
6.8E-6	-1.00477539678104
6.9E-6	-0.864387621404603
7E-6	-0.723999846028164
7.1E-6	-0.578598221531138
7.2E-6	-0.435703521594405
7.3E-6	-0.292808821657673
7.4E-6	-0.14991412172094
7.5E-6	-0.00451249722391367
7.6E-6	0.135875278152525
7.7E-6	0.276263053528965
7.8E-6	0.41414390434511
7.9E-6	0.554531679721549
8E-6	0.692412530537695
8.1E-6	0.825279532233253
8.2E-6	0.960653458489105
8.3E-6	1.09101353562437
8.4E-6	1.22137361275963
8.5E-6	1.34671984077431
8.6E-6	1.47206606878899
8.7E-6	1.59490537224337
8.8E-6	1.71022390201688
8.9E-6	1.82303550723009
9E-6	1.9358471124433
9.1E-6	2.04364486853592
9.2E-6	2.14642877550796
9.3E-6	2.24921268247999
9.4E-6	2.34447581577115
9.5E-6	2.43723202450201
9.6E-6	2.52497438411228
9.7E-6	2.61020981916226
9.8E-6	2.68792448053136
9.9E-6	2.76313221734017
1E-5	2.83332610502839
1.01E-5	2.90101306815632
1.02E-5	2.95867233304307
1.03E-5	3.01883852249011
1.04E-5	3.06897701369599
1.05E-5	3.11410165578127
1.06E-5	3.15421244874597
1.07E-5	3.18930939259008
1.08E-5	3.2193924873136
1.09E-5	3.24446173291653
1.1E-5	3.26702405395918
1.11E-5	3.28206560132094
1.12E-5	3.29460022412241
1.13E-5	3.2971071486827
1.14E-5	3.2971071486827
1.15E-5	3.29209329956211
1.16E-5	3.28206560132094
1.17E-5	3.26451712939888
1.18E-5	3.24696865747683
1.19E-5	3.22189941187389
1.2E-5	3.19181631715037
1.21E-5	3.15671937330626
1.22E-5	3.11660858034156
1.23E-5	3.07399086281657
1.24E-5	3.0238523716107
1.25E-5	2.96870003128424
1.26E-5	2.91354769095778
1.27E-5	2.85087457695045
1.28E-5	2.78569453838281
1.29E-5	2.71550065069459
1.3E-5	2.64279983844608
1.31E-5	2.56508517707698
1.32E-5	2.48486359114759
1.33E-5	2.39962815609761
1.34E-5	2.31188579648733
1.35E-5	2.22163651231676
1.36E-5	2.1288803035859
1.37E-5	2.03111024573445
1.38E-5	1.933340187883
1.39E-5	1.83055628091097
1.4E-5	1.72777237393893
1.41E-5	1.61997461784631
1.42E-5	1.51217686175369
1.43E-5	1.40437910566106
1.44E-5	1.29156750044785
1.45E-5	1.17624897067435
1.46E-5	1.06343736546114
1.47E-5	0.948118835687637
1.48E-5	0.832800305914134
1.49E-5	0.714974851580337
1.5E-5	0.59714939724654
1.51E-5	0.479323942912742
1.52E-5	0.358991564018652
1.53E-5	0.243673034245148
1.54E-5	0.123340655351058
1.55E-5	0.0105290501378477
1.56E-5	-0.107296404195949
1.57E-5	-0.225121858529747
1.58E-5	-0.337933463742957
1.59E-5	-0.450745068956167
1.6E-5	-0.56606359872967
1.61E-5	-0.676368279382586
1.62E-5	-0.786672960035503
1.63E-5	-0.894470716128126
1.64E-5	-1.00226847222075
1.65E-5	-1.10505237919278
1.66E-5	-1.20783628616482
1.67E-5	-1.30811326857656
1.68E-5	-1.40337640186772
1.69E-5	-1.49863953515887
1.7E-5	-1.59139574388973
1.71E-5	-1.67913810350001
1.72E-5	-1.76437353854999
1.73E-5	-1.84710204903968
1.74E-5	-1.92732363496907
1.75E-5	-2.00002444721758
1.76E-5	-2.07523218402639
1.77E-5	-2.14291914715432
1.78E-5	-2.20809918572195
1.79E-5	-2.27077229972929
1.8E-5	-2.32843156461604
1.81E-5	-2.3810769803822
1.82E-5	-2.43121547158808
1.83E-5	-2.47634011367336
1.84E-5	-2.51895783119835
1.85E-5	-2.56157554872334
1.86E-5	-2.59667249256745
1.87E-5	-2.62424866273068
1.88E-5	-2.64931790833361
1.89E-5	-2.66937330481596
1.9E-5	-2.68692177673802
1.91E-5	-2.70196332409978
1.92E-5	-2.71199102234095
1.93E-5	-2.71199102234095
1.94E-5	-2.71449794690125
1.95E-5	-2.71199102234095
1.96E-5	-2.70447024866007
1.97E-5	-2.6919356258586
1.98E-5	-2.67689407849684
1.99E-5	-2.6568386820145
2E-5	-2.63427636097185
2.01E-5	-2.60419326624833
2.02E-5	-2.57411017152481
2.03E-5	-2.5365063031204
2.04E-5	-2.49639551015571
2.05E-5	-2.45628471719101
2.06E-5	-2.41116007510573
2.07E-5	-2.36102158389986
2.08E-5	-2.3058692435734
2.09E-5	-2.25071690324694
2.1E-5	-2.19055071379989
2.11E-5	-2.12787759979255
2.12E-5	-2.06520448578522
2.13E-5	-1.995010598097
2.14E-5	-1.92481671040878
2.15E-5	-1.84960897359997
2.16E-5	-1.77440123679116
2.17E-5	-1.69417965086177
2.18E-5	-1.61395806493238
2.19E-5	-1.53122955444269
2.2E-5	-1.44599411939271
2.21E-5	-1.36075868434273
2.22E-5	-1.27301632473245
2.23E-5	-1.18276704056188
2.24E-5	-1.09001083183102
2.25E-5	-0.997254623100162
2.26E-5	-0.901991489809006
2.27E-5	-0.816756054759026
2.28E-5	-0.71397214778699
2.29E-5	-0.616202089935541
2.3E-5	-0.518432032084092
2.31E-5	-0.423168898792937
2.32E-5	-0.327905765501782
2.33E-5	-0.230135707650334
2.34E-5	-0.132365649798885
2.35E-5	-0.0345955919474363
2.36E-5	0.0631744659040123
2.37E-5	0.155930674634874
2.38E-5	0.251193807926029
2.39E-5	0.346456941217184
2.4E-5	0.441720074508339
2.41E-5	0.531969358678907
2.42E-5	0.622218642849475
2.43E-5	0.712467927020043
2.44E-5	0.800210286630318
2.45E-5	0.887952646240592
2.46E-5	0.970681156730279
2.47E-5	1.05340966721997
2.48E-5	1.13363125314936
2.49E-5	1.21385283907875
2.5E-5	1.28906057588756
2.51E-5	1.36176138813607
2.52E-5	1.43947604950517
2.53E-5	1.50214916351251
2.54E-5	1.56983612664044
2.55E-5	1.63250924064778
2.56E-5	1.69518235465512
2.57E-5	1.75534854410216
2.58E-5	1.80799395986833
2.59E-5	1.8581324510742
2.6E-5	1.90827094228007
2.61E-5	1.95339558436535
2.62E-5	1.99601330189034
2.63E-5	2.03612409485504
2.64E-5	2.07122103869915
2.65E-5	2.10381105798297
2.66E-5	2.13389415270649
2.67E-5	2.15896339830942
2.68E-5	2.18152571935207
2.69E-5	2.19907419127412
2.7E-5	2.21411573863588
2.71E-5	2.22665036143735
2.72E-5	2.23417113511823
2.73E-5	2.23918498423882
2.74E-5	2.23918498423882
2.75E-5	2.23667805967852
2.76E-5	2.23417113511823
2.77E-5	2.22163651231676
2.78E-5	2.2091018895153
2.79E-5	2.19656726671383
2.8E-5	2.17400494567119
2.81E-5	2.15394954918884
2.82E-5	2.1288803035859
2.83E-5	2.09879720886238
2.84E-5	2.06620718957856
2.85E-5	2.03111024573445
2.86E-5	1.99601330189034
2.87E-5	1.95339558436535
2.88E-5	1.90827094228007
2.89E-5	1.86314630019478
2.9E-5	1.81551473354921
2.91E-5	1.76286931778304
2.92E-5	1.71022390201688
2.93E-5	1.65256463713013
2.94E-5	1.59239844768308
2.95E-5	1.53223225823604
2.96E-5	1.47206606878899
2.97E-5	1.40688603022136
2.98E-5	1.33919906709343
2.99E-5	1.27151210396551
3E-5	1.20131821627729
3.01E-5	1.12861740402877
3.02E-5	1.05591659178026
3.03E-5	0.983215779531747
3.04E-5	0.905501118162647
3.05E-5	0.83029338135384
3.06E-5	0.755085644545034
3.07E-5	0.67486405861564
3.08E-5	0.59714939724654
3.09E-5	0.516927811317146
3.1E-5	0.436706225387752
3.11E-5	0.358991564018652
3.12E-5	0.276263053528965
3.13E-5	0.196041467599571
3.14E-5	0.115819881670177
3.15E-5	0.0381052203010768
3.16E-5	-0.042116365628317
3.17E-5	-0.119831026997417
3.18E-5	-0.200052612926811
3.19E-5	-0.275260349735618
3.2E-5	-0.352975011104718
3.21E-5	-0.428182747913524
3.22E-5	-0.505897409282625
3.23E-5	-0.578598221531138
3.24E-5	-0.651299033779651
3.25E-5	-0.723999846028164
3.26E-5	-0.794193733716384
3.27E-5	-0.86188069684431
3.28E-5	-0.927060735411942
3.29E-5	-0.992240773979574
3.3E-5	-1.05491388798691
3.31E-5	-1.11758700199425
3.32E-5	-1.1777531914413
3.33E-5	-1.23290553176776
3.34E-5	-1.28555094753392
3.35E-5	-1.34070328786038
3.36E-5	-1.38833485450596
3.37E-5	-1.43596642115153
3.38E-5	-1.48109106323682
3.39E-5	-1.5262157053221
3.4E-5	-1.5663264982868
3.41E-5	-1.6039303666912
3.42E-5	-1.63902731053531
3.43E-5	-1.67412425437942
3.44E-5	-1.69919349998236
3.45E-5	-1.72676967014559
3.46E-5	-1.75183891574852
3.47E-5	-1.77440123679116
3.48E-5	-1.79445663327351
3.49E-5	-1.80949818063527
3.5E-5	-1.82203280343674
3.51E-5	-1.83206050167792
3.52E-5	-1.8395812753588
3.53E-5	-1.84208819991909
3.54E-5	-1.84459512447938
3.55E-5	-1.84459512447938
3.56E-5	-1.8395812753588
3.57E-5	-1.83206050167792
3.58E-5	-1.82203280343674
3.59E-5	-1.80949818063527
3.6E-5	-1.79445663327351
3.61E-5	-1.77690816135146
3.62E-5	-1.75685276486911
3.63E-5	-1.73178351926617
3.64E-5	-1.70922119822353
3.65E-5	-1.67913810350001
3.66E-5	-1.65156193333678
3.67E-5	-1.61395806493238
3.68E-5	-1.58136804564856
3.69E-5	-1.54376417724416
3.7E-5	-1.50365338427946
3.71E-5	-1.46103566675447
3.72E-5	-1.41841794922948
3.73E-5	-1.3707863825839
3.74E-5	-1.32315481593832
3.75E-5	-1.27552324929275
3.76E-5	-1.22538475808688
3.77E-5	-1.17273934232071
3.78E-5	-1.11758700199425
3.79E-5	-1.06243466166779
3.8E-5	-1.00226847222075
3.81E-5	-0.944609207333997
3.82E-5	-0.884443017886952
3.83E-5	-0.824276828439906
3.84E-5	-0.761603714432567
3.85E-5	-0.698930600425228
3.86E-5	-0.63625748641789
3.87E-5	-0.573584372410551
3.88E-5	-0.508404333842918
3.89E-5	-0.443224295275286
3.9E-5	-0.37553733214736
3.91E-5	-0.310357293579727
3.92E-5	-0.245177255012095
3.93E-5	-0.179997216444463
3.94E-5	-0.112310253316537
3.95E-5	-0.0471302147489041
3.96E-5	0.0180498238187283
3.97E-5	0.0832298623863608
3.98E-5	0.148409900953993
3.99E-5	0.213589939521626
4E-5	0.276263053528965
4.01E-5	0.338936167536303
4.02E-5	0.399102356983349
4.03E-5	0.461775470990688
4.04E-5	0.524448584998026
4.05E-5	0.579600925324485
4.06E-5	0.63976711477153
4.07E-5	0.694919455097988
4.08E-5	0.75257871998474
4.09E-5	0.805224135750905
4.1E-5	0.857869551517069
4.11E-5	0.90800804272294
4.12E-5	0.958146533928812
4.13E-5	1.00577810057439
4.14E-5	1.05090274265967
4.15E-5	1.09352046018466
4.16E-5	1.13613817770965
4.17E-5	1.17624897067435
4.18E-5	1.21635976363905
4.19E-5	1.24894978292286
4.2E-5	1.28655365132727
4.21E-5	1.31663674605079
4.22E-5	1.34421291621402
4.23E-5	1.37178908637725
4.24E-5	1.39685833198018
4.25E-5	1.41942065302283
4.26E-5	1.43947604950517
4.27E-5	1.46203837054782
4.28E-5	1.47457299334928
4.29E-5	1.48961454071105
4.3E-5	1.49462838983163
4.31E-5	1.50465608807281
4.32E-5	1.51719071087427
4.33E-5	1.52220455999486
4.34E-5	1.51969763543457
4.35E-5	1.52220455999486
4.36E-5	1.51468378631398
4.37E-5	1.51217686175369
4.38E-5	1.50214916351251
4.39E-5	1.49212146527134
4.4E-5	1.48209376703016
4.41E-5	1.4695591442287
4.42E-5	1.45201067230664
4.43E-5	1.43195527582429
4.44E-5	1.41189987934195
4.45E-5	1.3918444828596
4.46E-5	1.36426831269637
4.47E-5	1.33418521797284
4.48E-5	1.30911597236991
4.49E-5	1.2740190285258
4.5E-5	1.24644285836257
4.51E-5	1.20883898995817
4.52E-5	1.17374204611406
4.53E-5	1.13864510226995
4.54E-5	1.10104123386554
4.55E-5	1.05591659178026
4.56E-5	1.01580579881556
4.57E-5	0.973188081290573
4.58E-5	0.925556514644995
4.59E-5	0.880431872559711
4.6E-5	0.832800305914134
4.61E-5	0.785168739268556
4.62E-5	0.735030248062685
4.63E-5	0.687398681417108
4.64E-5	0.634753265650943
4.65E-5	0.584614774445072
4.66E-5	0.531969358678907
4.67E-5	0.479323942912742
4.68E-5	0.426678527146578
4.69E-5	0.37152618682012
4.7E-5	0.318880771053955
4.71E-5	0.263728430727497
4.72E-5	0.208576090401039
4.73E-5	0.15342375007458
4.74E-5	0.100778334308416
4.75E-5	0.048132918542251
4.76E-5	-0.00701942178420722
4.77E-5	-0.0621717621106654
4.78E-5	-0.112310253316537
4.79E-5	-0.167462593642995
4.8E-5	-0.220108009409159
4.81E-5	-0.270246500615031
4.82E-5	-0.322891916381195
4.83E-5	-0.373030407587066
4.84E-5	-0.425675823353231
4.85E-5	-0.470800465438515
4.86E-5	-0.518432032084092
4.87E-5	-0.56606359872967
4.88E-5	-0.611188240814954
4.89E-5	-0.656312882900238
4.9E-5	-0.698930600425228
4.91E-5	-0.741548317950219
4.92E-5	-0.781659110914916
4.93E-5	-0.824276828439906
4.94E-5	-0.859373772284016
4.95E-5	-0.894470716128126
4.96E-5	-0.929567659972236
4.97E-5	-0.964664603816345
4.98E-5	-0.997254623100162
4.99E-5	-1.02483079326339
5E-5	-1.05240696342662
5.01E-5	-1.07747620902956
5.02E-5	-1.10254545463249
5.03E-5	-1.12510777567513
5.04E-5	-1.14767009671777
5.05E-5	-1.16521856863983
5.06E-5	-1.18527396512218
5.07E-5	-1.19780858792365
5.08E-5	-1.21285013528541
5.09E-5	-1.22538475808688
5.1E-5	-1.23290553176776
5.11E-5	-1.24042630544864
5.12E-5	-1.24544015456922
5.13E-5	-1.24794707912952
5.14E-5	-1.25045400368981
5.15E-5	-1.25045400368981
5.16E-5	-1.24794707912952
5.17E-5	-1.24544015456922
5.18E-5	-1.23791938088834
5.19E-5	-1.23039860720746
5.2E-5	-1.22287783352658
5.21E-5	-1.21034321072511
5.22E-5	-1.19780858792365
5.23E-5	-1.18276704056188
5.24E-5	-1.16521856863983
5.25E-5	-1.14767009671777
5.26E-5	-1.12761470023543
5.27E-5	-1.10505237919278
5.28E-5	-1.08249005815014
5.29E-5	-1.05491388798691
5.3E-5	-1.02984464238398
5.31E-5	-0.999761547660455
5.32E-5	-0.972185377497226
5.33E-5	-0.942102282773703
5.34E-5	-0.909512263489887
5.35E-5	-0.879429168766364
5.36E-5	-0.844332224922255
5.37E-5	-0.806728356517851
5.38E-5	-0.769124488113448
5.39E-5	-0.734027544269338
5.4E-5	-0.696423675864935
5.41E-5	-0.651299033779651
5.42E-5	-0.613695165375248
5.43E-5	-0.573584372410551
5.44E-5	-0.53096665488556
5.45E-5	-0.490855861920863
5.46E-5	-0.445731219835579
5.47E-5	-0.403113502310589
5.48E-5	-0.360495784785599
5.49E-5	-0.315371142700314
5.5E-5	-0.270246500615031
5.51E-5	-0.22762878309004
5.52E-5	-0.182504141004756
5.53E-5	-0.137379498919472
5.54E-5	-0.0922548568341881
5.55E-5	-0.0496371393091977
5.56E-5	-0.00451249722391367
5.57E-5	0.0406121448613703
5.58E-5	0.0832298623863608
5.59E-5	0.128354504471645
5.6E-5	0.173479146556929
5.61E-5	0.216096864081919
5.62E-5	0.256207657046616
5.63E-5	0.298825374571607
5.64E-5	0.338936167536303
5.65E-5	0.379046960501
5.66E-5	0.419157753465697
5.67E-5	0.4567616218701
5.68E-5	0.496872414834797
5.69E-5	0.534476283239201
5.7E-5	0.56957322708331
5.71E-5	0.60467017092742
5.72E-5	0.637260190211236
5.73E-5	0.669850209495053
5.74E-5	0.702440228778869
5.75E-5	0.732523323502392
5.76E-5	0.762606418225914
5.77E-5	0.78767566382885
5.78E-5	0.815251833992079
5.79E-5	0.837814155034721
5.8E-5	0.862883400637656
5.81E-5	0.885445721680298
5.82E-5	0.905501118162647
5.83E-5	0.925556514644995
5.84E-5	0.940598062006757
5.85E-5	0.958146533928812
5.86E-5	0.973188081290573
5.87E-5	0.985722704092041
5.88E-5	0.995750402333215
5.89E-5	1.00828502513468
5.9E-5	1.01580579881556
5.91E-5	1.02332657249644
5.92E-5	1.02834042161703
5.93E-5	1.03084734617732
5.94E-5	1.03335427073762
5.95E-5	1.03084734617732
5.96E-5	1.03084734617732
5.97E-5	1.02583349705674
5.98E-5	1.02081964793615
5.99E-5	1.01580579881556
6E-5	1.01079194969498
6.01E-5	1.0007642514538
6.02E-5	0.988229628652334
6.03E-5	0.975695005850866
6.04E-5	0.963160383049399
6.05E-5	0.948118835687637
6.06E-5	0.933077288325876
6.07E-5	0.913021891843528
6.08E-5	0.895473419921473
6.09E-5	0.875418023439124
6.1E-5	0.852855702396482
6.11E-5	0.83029338135384
6.12E-5	0.807731060311198
6.13E-5	0.780154890147969
6.14E-5	0.755085644545034
6.15E-5	0.730016398942098
6.16E-5	0.699933304218575
6.17E-5	0.669850209495053
6.18E-5	0.63976711477153
6.19E-5	0.607177095487714
6.2E-5	0.577094000764191
6.21E-5	0.544503981480375
6.22E-5	0.514420886756852
6.23E-5	0.479323942912742
6.24E-5	0.446733923628926
6.25E-5	0.409130055224523
6.26E-5	0.374033111380413
6.27E-5	0.341443092096597
6.28E-5	0.3013322991319
6.29E-5	0.26623535528779
6.3E-5	0.231138411443681
6.31E-5	0.193534543039277
6.32E-5	0.155930674634874
6.33E-5	0.120833730790764
6.34E-5	0.0782160132657737
6.35E-5	0.0431190694216639
6.36E-5	0.00802212557755411
6.37E-5	-0.0295817428268492
6.38E-5	-0.0621717621106654
6.39E-5	-0.0997756305150688
6.4E-5	-0.134872574359179
6.41E-5	-0.172476442763582
6.42E-5	-0.207573386607692
6.43E-5	-0.240163405891508
6.44E-5	-0.277767274295911
6.45E-5	-0.307850369019434
6.46E-5	-0.34044038830325
6.47E-5	-0.373030407587066
6.48E-5	-0.403113502310589
6.49E-5	-0.435703521594405
6.5E-5	-0.463279691757634
6.51E-5	-0.493362786481157
6.52E-5	-0.520938956644386
6.53E-5	-0.546008202247322
6.54E-5	-0.576091296970844
6.55E-5	-0.598653618013486
6.56E-5	-0.623722863616422
6.57E-5	-0.64377826009877
6.58E-5	-0.671354430261999
6.59E-5	-0.686395977623761
6.6E-5	-0.708958298666403
6.61E-5	-0.726506770588458
6.62E-5	-0.741548317950219
6.63E-5	-0.759096789872274
6.64E-5	-0.771631412673742
6.65E-5	-0.786672960035503
6.66E-5	-0.799207582836971
6.67E-5	-0.809235281078145
6.68E-5	-0.819262979319319
6.69E-5	-0.829290677560493
6.7E-5	-0.836811451241374
6.71E-5	-0.839318375801668
6.72E-5	-0.844332224922255
6.73E-5	-0.846839149482548
6.74E-5	-0.846839149482548
6.75E-5	-0.849346074042842
6.76E-5	-0.849346074042842
6.77E-5	-0.844332224922255
6.78E-5	-0.841825300361961
6.79E-5	-0.836811451241374
6.8E-5	-0.83430452668108
6.81E-5	-0.824276828439906
6.82E-5	-0.816756054759026
6.83E-5	-0.806728356517851
6.84E-5	-0.796700658276677
6.85E-5	-0.784166035475209
6.86E-5	-0.769124488113448
6.87E-5	-0.754082940751687
6.88E-5	-0.741548317950219
6.89E-5	-0.723999846028164
6.9E-5	-0.706451374106109
6.91E-5	-0.686395977623761
6.92E-5	-0.666340581141412
6.93E-5	-0.648792109219357
6.94E-5	-0.623722863616422
6.95E-5	-0.603667467134073
6.96E-5	-0.581105146091431
6.97E-5	-0.556035900488496
6.98E-5	-0.53096665488556
6.99E-5	-0.505897409282625
7E-5	-0.480828163679689
7.01E-5	-0.455758918076754
7.02E-5	-0.428182747913524
7.03E-5	-0.398099653190002
7.04E-5	-0.370523483026773
7.05E-5	-0.342947312863544
7.06E-5	-0.312864218140021
7.07E-5	-0.285288047976792
7.08E-5	-0.255204953253269
7.09E-5	-0.225121858529747
7.1E-5	-0.195038763806224
7.11E-5	-0.164955669082701
7.12E-5	-0.132365649798885
7.13E-5	-0.104789479635656
7.14E-5	-0.0721994603518397
7.15E-5	-0.042116365628317
7.16E-5	-0.0120332709047943
7.17E-5	0.0180498238187283
7.18E-5	0.0456259939819574
7.19E-5	0.0782160132657737
7.2E-5	0.105792183429003
7.21E-5	0.135875278152525
7.22E-5	0.163451448315755
7.23E-5	0.193534543039277
7.24E-5	0.221110713202506
7.25E-5	0.248686883365735
7.26E-5	0.276263053528965
7.27E-5	0.3013322991319
7.28E-5	0.328908469295129
7.29E-5	0.353977714898065
7.3E-5	0.379046960501
7.31E-5	0.401609281543642
7.32E-5	0.426678527146578
7.33E-5	0.44924084818922
7.34E-5	0.469296244671568
7.35E-5	0.49185856571421
7.36E-5	0.511913962196559
7.37E-5	0.529462434118614
7.38E-5	0.547010906040668
7.39E-5	0.56205245340243
7.4E-5	0.579600925324485
7.41E-5	0.59714939724654
7.42E-5	0.609684020048007
7.43E-5	0.622218642849475
7.44E-5	0.634753265650943
7.45E-5	0.647287888452411
7.46E-5	0.657315586693585
7.47E-5	0.667343284934759
7.48E-5	0.672357134055346
7.49E-5	0.68238483229652
7.5E-5	0.687398681417108
7.51E-5	0.692412530537695
7.52E-5	0.694919455097988
7.53E-5	0.699933304218575
7.54E-5	0.699933304218575
7.55E-5	0.699933304218575
7.56E-5	0.702440228778869
7.57E-5	0.697426379658282
7.58E-5	0.697426379658282
7.59E-5	0.689905605977401
7.6E-5	0.687398681417108
7.61E-5	0.68238483229652
7.62E-5	0.672357134055346
7.63E-5	0.667343284934759
7.64E-5	0.657315586693585
7.65E-5	0.649794813012704
7.66E-5	0.637260190211236
7.67E-5	0.624725567409769
7.68E-5	0.612190944608301
7.69E-5	0.599656321806833
7.7E-5	0.584614774445072
7.71E-5	0.56957322708331
7.72E-5	0.552024755161256
7.73E-5	0.534476283239201
7.74E-5	0.519434735877439
7.75E-5	0.499379339395091
7.76E-5	0.481830867473036
7.77E-5	0.461775470990688
7.78E-5	0.441720074508339
7.79E-5	0.421664678025991
7.8E-5	0.399102356983349
7.81E-5	0.379046960501
7.82E-5	0.353977714898065
7.83E-5	0.331415393855423
7.84E-5	0.308853072812781
7.85E-5	0.283783827209845
7.86E-5	0.261221506167203
7.87E-5	0.238659185124561
7.88E-5	0.213589939521626
7.89E-5	0.18852069391869
7.9E-5	0.163451448315755
7.91E-5	0.138382202712819
7.92E-5	0.113312957109883
7.93E-5	0.0882437115069479
7.94E-5	0.0631744659040123
7.95E-5	0.0406121448613703
7.96E-5	0.0155428992584348
7.97E-5	-0.00952634634450078
7.98E-5	-0.0371025165077299
7.99E-5	-0.0596648375503719
8E-5	-0.0822271585930139
8.01E-5	-0.107296404195949
8.02E-5	-0.132365649798885
8.03E-5	-0.152421046281233
8.04E-5	-0.179997216444463
8.05E-5	-0.200052612926811
8.06E-5	-0.225121858529747
8.07E-5	-0.245177255012095
8.08E-5	-0.267739576054737
8.09E-5	-0.287794972537085
8.1E-5	-0.307850369019434
8.11E-5	-0.327905765501782
8.12E-5	-0.347961161984131
8.13E-5	-0.365509633906186
8.14E-5	-0.383058105828241
8.15E-5	-0.400606577750295
8.16E-5	-0.41815504967235
8.17E-5	-0.433196597034112
8.18E-5	-0.450745068956167
8.19E-5	-0.463279691757634
8.2E-5	-0.475814314559102
8.21E-5	-0.48834893736057
8.22E-5	-0.500883560162038
8.23E-5	-0.510911258403212
8.24E-5	-0.520938956644386
8.25E-5	-0.53096665488556
8.26E-5	-0.540994353126734
8.27E-5	-0.548515126807615
8.28E-5	-0.553528975928202
8.29E-5	-0.558542825048789
8.3E-5	-0.563556674169377
8.31E-5	-0.568570523289964
8.32E-5	-0.573584372410551
8.33E-5	-0.573584372410551
8.34E-5	-0.576091296970844
8.35E-5	-0.578598221531138
8.36E-5	-0.568570523289964
8.37E-5	-0.578598221531138
8.38E-5	-0.573584372410551
8.39E-5	-0.571077447850257
8.4E-5	-0.56606359872967
8.41E-5	-0.561049749609083
8.42E-5	-0.558542825048789
8.43E-5	-0.548515126807615
8.44E-5	-0.543501277687028
8.45E-5	-0.533473579445854
8.46E-5	-0.525952805764973
8.47E-5	-0.515925107523799
8.48E-5	-0.508404333842918
8.49E-5	-0.49586971104145
8.5E-5	-0.483335088239983
8.51E-5	-0.470800465438515
8.52E-5	-0.458265842637047
8.53E-5	-0.445731219835579
8.54E-5	-0.430689672473818
8.55E-5	-0.415648125112057
8.56E-5	-0.400606577750295
8.57E-5	-0.383058105828241
8.58E-5	-0.365509633906186
8.59E-5	-0.350468086544424
8.6E-5	-0.327905765501782
8.61E-5	-0.317878067260608
8.62E-5	-0.295315746217966
8.63E-5	-0.280274198856205
8.64E-5	-0.257711877813563
8.65E-5	-0.240163405891508
8.66E-5	-0.222614933969453
8.67E-5	-0.202559537487105
8.68E-5	-0.182504141004756
8.69E-5	-0.159941819962114
8.7E-5	-0.139886423479766
8.71E-5	-0.119831026997417
8.72E-5	-0.0997756305150688
8.73E-5	-0.0797202340327203
8.74E-5	-0.0571579129900783
8.75E-5	-0.0345955919474363
8.76E-5	-0.0145401954650879
8.77E-5	0.00551520101726055
8.78E-5	0.025570597499609
8.79E-5	0.0456259939819574
8.8E-5	0.0656813904643059
8.81E-5	0.0857367869466543
8.82E-5	0.103285258868709
8.83E-5	0.125847579911351
8.84E-5	0.1459029763937
8.85E-5	0.163451448315755
8.86E-5	0.180999920237809
8.87E-5	0.201055316720158
8.88E-5	0.216096864081919
8.89E-5	0.233645336003974
8.9E-5	0.248686883365735
8.91E-5	0.268742279848084
8.92E-5	0.283783827209845
8.93E-5	0.298825374571607
8.94E-5	0.313866921933368
8.95E-5	0.328908469295129
8.96E-5	0.341443092096597
8.97E-5	0.353977714898065
8.98E-5	0.369019262259826
8.99E-5	0.379046960501
9E-5	0.389074658742175
9.01E-5	0.401609281543642
9.02E-5	0.411636979784817
9.03E-5	0.421664678025991
9.04E-5	0.429185451706871
9.05E-5	0.436706225387752
9.06E-5	0.444226999068633
9.07E-5	0.44924084818922
9.08E-5	0.4567616218701
9.09E-5	0.461775470990688
9.1E-5	0.466789320111275
9.11E-5	0.469296244671568
9.12E-5	0.471803169231862
9.13E-5	0.476817018352449
9.14E-5	0.476817018352449
9.15E-5	0.476817018352449
9.16E-5	0.476817018352449
9.17E-5	0.474310093792155
9.18E-5	0.474310093792155
9.19E-5	0.471803169231862
9.2E-5	0.469296244671568
9.21E-5	0.464282395550981
9.22E-5	0.459268546430394
9.23E-5	0.454254697309807
9.24E-5	0.44924084818922
9.25E-5	0.444226999068633
9.26E-5	0.434199300827458
9.27E-5	0.426678527146578
9.28E-5	0.419157753465697
9.29E-5	0.409130055224523
9.3E-5	0.401609281543642
9.31E-5	0.391581583302468
9.32E-5	0.379046960501
9.33E-5	0.369019262259826
9.34E-5	0.356484639458358
9.35E-5	0.34395001665689
9.36E-5	0.333922318415716
9.37E-5	0.318880771053955
9.38E-5	0.306346148252487
9.39E-5	0.291304600890726
9.4E-5	0.276263053528965
9.41E-5	0.261221506167203
9.42E-5	0.248686883365735
9.43E-5	0.231138411443681
9.44E-5	0.216096864081919
9.45E-5	0.201055316720158
9.46E-5	0.183506844798103
9.47E-5	0.168465297436342
9.48E-5	0.150916825514287
9.49E-5	0.133368353592232
9.5E-5	0.118326806230471
9.51E-5	0.103285258868709
9.52E-5	0.0857367869466543
9.53E-5	0.0656813904643059
9.54E-5	0.048132918542251
9.55E-5	0.0305844466201961
9.56E-5	0.0155428992584348
9.57E-5	-0.00200557266362011
9.58E-5	-0.019554044585675
9.59E-5	-0.0345955919474363
9.6E-5	-0.0496371393091977
9.61E-5	-0.0671856112312526
9.62E-5	-0.0847340831533074
9.63E-5	-0.0997756305150688
9.64E-5	-0.11481717787683
9.65E-5	-0.132365649798885
9.66E-5	-0.147407197160646
9.67E-5	-0.159941819962114
9.68E-5	-0.174983367323875
9.69E-5	-0.19253183924593
9.7E-5	-0.205066462047398
9.71E-5	-0.220108009409159
9.72E-5	-0.230135707650334
9.73E-5	-0.242670330451801
9.74E-5	-0.257711877813563
9.75E-5	-0.267739576054737
9.76E-5	-0.280274198856205
9.77E-5	-0.290301897097379
9.78E-5	-0.302836519898847
9.79E-5	-0.310357293579727
9.8E-5	-0.320384991820902
9.81E-5	-0.330412690062076
9.82E-5	-0.34044038830325
9.83E-5	-0.345454237423837
9.84E-5	-0.352975011104718
9.85E-5	-0.360495784785599
9.86E-5	-0.363002709345892
9.87E-5	-0.370523483026773
9.88E-5	-0.37553733214736
9.89E-5	-0.380551181267947
9.9E-5	-0.383058105828241
9.91E-5	-0.388071954948828
9.92E-5	-0.388071954948828
9.93E-5	-0.390578879509121
9.94E-5	-0.393085804069415
9.95E-5	-0.390578879509121
9.96E-5	-0.393085804069415
9.97E-5	-0.390578879509121
9.98E-5	-0.388071954948828
9.99E-5	-0.388071954948828
0.0001	-0.385565030388534
0.0001001	-0.383058105828241
0.0001002	-0.378044256707653
0.0001003	-0.37553733214736
0.0001004	-0.373030407587066
0.0001005	-0.365509633906186
0.0001006	-0.360495784785599
0.0001007	-0.352975011104718
0.0001008	-0.345454237423837
0.0001009	-0.34044038830325
0.000101	-0.330412690062076
0.0001011	-0.322891916381195
0.0001012	-0.315371142700314
0.0001013	-0.30534344445914
0.0001014	-0.295315746217966
0.0001015	-0.282781123416498
0.0001016	-0.275260349735618
0.0001017	-0.265232651494443
0.0001018	-0.252698028692976
0.0001019	-0.242670330451801
0.000102	-0.232642632210627
0.0001021	-0.217601084848866
0.0001022	-0.205066462047398
0.0001023	-0.19253183924593
0.0001024	-0.179997216444463
0.0001025	-0.167462593642995
0.0001026	-0.154927970841527
0.0001027	-0.142393348040059
0.0001028	-0.127351800678298
0.0001029	-0.11481717787683
0.000103	-0.0997756305150688
0.0001031	-0.0847340831533074
0.0001032	-0.0696925357915461
0.0001033	-0.0571579129900783
0.0001034	-0.0446232901886106
0.0001035	-0.0295817428268492
0.0001036	-0.0145401954650879
0.0001037	-0.00200557266362011
0.0001038	0.00802212557755411
0.0001039	0.0305844466201961
0.000104	0.0355982957407832
0.0001041	0.0531467676628381
0.0001042	0.0656813904643059
0.0001043	0.0807229378260672
0.0001044	0.093257560627535
0.0001045	0.103285258868709
0.0001046	0.118326806230471
0.0001047	0.130861429031938
0.0001048	0.143396051833406
0.0001049	0.15342375007458
0.000105	0.165958372876048
0.0001051	0.178492995677516
0.0001052	0.18852069391869
0.0001053	0.201055316720158
0.0001054	0.208576090401039
0.0001055	0.218603788642213
0.0001056	0.228631486883387
0.0001057	0.238659185124561
0.0001058	0.246179958805442
0.0001059	0.253700732486323
0.000106	0.261221506167203
0.0001061	0.268742279848084
0.0001062	0.276263053528965
0.0001063	0.288797676330432
0.0001064	0.286290751770139
0.0001065	0.293811525451019
0.0001066	0.296318450011313
0.0001067	0.306346148252487
0.0001068	0.308853072812781
0.0001069	0.311359997373074
0.000107	0.313866921933368
0.0001071	0.318880771053955
0.0001072	0.321387695614249
0.0001073	0.321387695614249
0.0001074	0.321387695614249
0.0001075	0.321387695614249
0.0001076	0.321387695614249
0.0001077	0.323894620174542
0.0001078	0.321387695614249
0.0001079	0.321387695614249
0.000108	0.318880771053955
0.0001081	0.316373846493661
0.0001082	0.313866921933368
0.0001083	0.311359997373074
0.0001084	0.306346148252487
0.0001085	0.3013322991319
0.0001086	0.298825374571607
0.0001087	0.293811525451019
0.0001088	0.286290751770139
0.0001089	0.281276902649552
0.000109	0.273756128968671
0.0001091	0.26623535528779
0.0001092	0.261221506167203
0.0001093	0.253700732486323
0.0001094	0.248686883365735
0.0001095	0.238659185124561
0.0001096	0.228631486883387
0.0001097	0.221110713202506
0.0001098	0.211083014961332
0.0001099	0.198548392159864
0.00011	0.191027618478984
0.0001101	0.180999920237809
0.0001102	0.170972221996635
0.0001103	0.160944523755461
0.0001104	0.150916825514287
0.0001105	0.140889127273113
0.0001106	0.128354504471645
0.0001107	0.118326806230471
0.0001108	0.105792183429003
0.0001109	0.0957644851878285
0.000111	0.0857367869466543
0.0001111	0.0732021641451865
0.0001112	0.0631744659040123
0.0001113	0.0506398431025445
0.0001114	0.0406121448613703
0.0001115	0.025570597499609
0.0001116	0.0155428992584348
0.0001117	0.003008276456967
0.0001118	-0.00701942178420722
0.0001119	-0.019554044585675
0.000112	-0.0320886673871428
0.0001121	-0.0396094410680234
0.0001122	-0.0521440638694912
0.0001123	-0.0621717621106654
0.0001124	-0.0721994603518397
0.0001125	-0.0847340831533074
0.0001126	-0.0947617813944817
0.0001127	-0.104789479635656
0.0001128	-0.11481717787683
0.0001129	-0.124844876118004
0.000113	-0.134872574359179
0.0001131	-0.142393348040059
0.0001132	-0.152421046281233
0.0001133	-0.162448744522408
0.0001134	-0.169969518203288
0.0001135	-0.177490291884169
0.0001136	-0.187517990125343
0.0001137	-0.19253183924593
0.0001138	-0.200052612926811
0.0001139	-0.210080311167985
0.000114	-0.215094160288572
0.0001141	-0.222614933969453
0.0001142	-0.22762878309004
0.0001143	-0.232642632210627
0.0001144	-0.237656481331214
0.0001145	-0.242670330451801
0.0001146	-0.245177255012095
0.0001147	-0.250191104132682
0.0001148	-0.255204953253269
0.0001149	-0.257711877813563
0.000115	-0.260218802373856
0.0001151	-0.26272572693415
0.0001152	-0.265232651494443
0.0001153	-0.26272572693415
0.0001154	-0.267739576054737
0.0001155	-0.265232651494443
0.0001156	-0.267739576054737
0.0001157	-0.265232651494443
0.0001158	-0.265232651494443
0.0001159	-0.26272572693415
0.000116	-0.26272572693415
0.0001161	-0.26272572693415
0.0001162	-0.260218802373856
0.0001163	-0.257711877813563
0.0001164	-0.252698028692976
0.0001165	-0.247684179572389
0.0001166	-0.247684179572389
0.0001167	-0.242670330451801
0.0001168	-0.235149556770921
0.0001169	-0.230135707650334
0.000117	-0.22762878309004
0.0001171	-0.222614933969453
0.0001172	-0.215094160288572
0.0001173	-0.210080311167985
0.0001174	-0.202559537487105
0.0001175	-0.197545688366517
0.0001176	-0.19253183924593
0.0001177	-0.182504141004756
0.0001178	-0.177490291884169
0.0001179	-0.167462593642995
0.000118	-0.159941819962114
0.0001181	-0.14991412172094
0.0001182	-0.144900272600353
0.0001183	-0.132365649798885
0.0001184	-0.127351800678298
0.0001185	-0.117324102437124
0.0001186	-0.107296404195949
0.0001187	-0.0997756305150688
0.0001188	-0.0922548568341881
0.0001189	-0.0822271585930139
0.000119	-0.0721994603518397
0.0001191	-0.0621717621106654
0.0001192	-0.0521440638694912
0.0001193	-0.0446232901886106
0.0001194	-0.0345955919474363
0.0001195	-0.0270748182665557
0.0001196	-0.0170471200253814
0.0001197	-0.00451249722391367
0.0001198	0.00551520101726055
0.0001199	0.0130359746981412
0.00012	0.0205567483790219
0.0001201	0.0330913711804897
0.0001202	0.0431190694216639
0.0001203	0.0506398431025445
0.0001204	0.0581606167834252
0.0001205	0.0681883150245994
0.0001206	0.0757090887054801
0.0001207	0.0832298623863608
0.0001208	0.093257560627535
0.0001209	0.100778334308416
0.000121	0.105792183429003
0.0001211	0.115819881670177
0.0001212	0.125847579911351
0.0001213	0.130861429031938
0.0001214	0.138382202712819
0.0001215	0.1459029763937
0.0001216	0.15342375007458
0.0001217	0.158437599195167
0.0001218	0.165958372876048
0.0001219	0.170972221996635
0.000122	0.175986071117222
0.0001221	0.180999920237809
0.0001222	0.186013769358397
0.0001223	0.18852069391869
0.0001224	0.193534543039277
0.0001225	0.198548392159864
0.0001226	0.201055316720158
0.0001227	0.206069165840745
0.0001228	0.208576090401039
0.0001229	0.211083014961332
0.000123	0.213589939521626
0.0001231	0.213589939521626
0.0001232	0.216096864081919
0.0001233	0.218603788642213
0.0001234	0.218603788642213
0.0001235	0.218603788642213
0.0001236	0.221110713202506
0.0001237	0.218603788642213
0.0001238	0.218603788642213
0.0001239	0.218603788642213
0.000124	0.216096864081919
0.0001241	0.206069165840745
0.0001242	0.211083014961332
0.0001243	0.213589939521626
0.0001244	0.213589939521626
0.0001245	0.206069165840745
0.0001246	0.203562241280451
0.0001247	0.198548392159864
0.0001248	0.196041467599571
0.0001249	0.191027618478984
0.000125	0.186013769358397
0.0001251	0.183506844798103
0.0001252	0.178492995677516
0.0001253	0.173479146556929
0.0001254	0.168465297436342
0.0001255	0.163451448315755
0.0001256	0.158437599195167
0.0001257	0.150916825514287
0.0001258	0.148409900953993
0.0001259	0.138382202712819
0.000126	0.133368353592232
0.0001261	0.125847579911351
0.0001262	0.118326806230471
0.0001263	0.11080603254959
0.0001264	0.105792183429003
0.0001265	0.0982714097481221
0.0001266	0.0907506360672414
0.0001267	0.0832298623863608
0.0001268	0.0757090887054801
0.0001269	0.0681883150245994
0.000127	0.0631744659040123
0.0001271	0.0531467676628381
0.0001272	0.0456259939819574
0.0001273	0.0355982957407832
0.0001274	0.0280775220599025
0.0001275	0.0230636729393154
0.0001276	0.0130359746981412
0.0001277	0.00551520101726055
0.0001278	-0.00200557266362011
0.0001279	-0.00952634634450078
0.000128	-0.0170471200253814
0.0001281	-0.0245678937062621
0.0001282	-0.0345955919474363
0.0001283	-0.0396094410680234
0.0001284	-0.0496371393091977
0.0001285	-0.0546509884297848
0.0001286	-0.0621717621106654
0.0001287	-0.0696925357915461
0.0001288	-0.0747063849121332
0.0001289	-0.0822271585930139
0.000129	-0.087241007713601
0.0001291	-0.0947617813944817
0.0001292	-0.102282555075362
0.0001293	-0.109803328756243
0.0001294	-0.112310253316537
0.0001295	-0.117324102437124
0.0001296	-0.124844876118004
0.0001297	-0.129858725238591
0.0001298	-0.134872574359179
0.0001299	-0.139886423479766
0.00013	-0.144900272600353
0.0001301	-0.147407197160646
0.0001302	-0.152421046281233
0.0001303	-0.154927970841527
0.0001304	-0.159941819962114
0.0001305	-0.164955669082701
0.0001306	-0.164955669082701
0.0001307	-0.167462593642995
0.0001308	-0.169969518203288
0.0001309	-0.172476442763582
0.000131	-0.174983367323875
0.0001311	-0.177490291884169
0.0001312	-0.177490291884169
0.0001313	-0.177490291884169
0.0001314	-0.179997216444463
0.0001315	-0.179997216444463
0.0001316	-0.179997216444463
0.0001317	-0.179997216444463
0.0001318	-0.179997216444463
0.0001319	-0.179997216444463
0.000132	-0.177490291884169
0.0001321	-0.177490291884169
0.0001322	-0.177490291884169
0.0001323	-0.174983367323875
0.0001324	-0.172476442763582
0.0001325	-0.169969518203288
0.0001326	-0.167462593642995
0.0001327	-0.164955669082701
0.0001328	-0.162448744522408
0.0001329	-0.159941819962114
0.000133	-0.154927970841527
0.0001331	-0.14991412172094
0.0001332	-0.147407197160646
0.0001333	-0.144900272600353
0.0001334	-0.139886423479766
0.0001335	-0.134872574359179
0.0001336	-0.132365649798885
0.0001337	-0.124844876118004
0.0001338	-0.119831026997417
0.0001339	-0.112310253316537
0.000134	-0.112310253316537
0.0001341	-0.104789479635656
0.0001342	-0.0997756305150688
0.0001343	-0.0922548568341881
0.0001344	-0.087241007713601
0.0001345	-0.0822271585930139
0.0001346	-0.0772133094724268
0.0001347	-0.0721994603518397
0.0001348	-0.0621717621106654
0.0001349	-0.0571579129900783
0.000135	-0.0496371393091977
0.0001351	-0.0446232901886106
0.0001352	-0.0396094410680234
0.0001353	-0.0295817428268492
0.0001354	-0.0270748182665557
0.0001355	-0.019554044585675
0.0001356	-0.0145401954650879
0.0001357	-0.00701942178420722
0.0001358	0.000501351896673441
0.0001359	0.00551520101726055
0.000136	0.0130359746981412
0.0001361	0.0205567483790219
0.0001362	0.025570597499609
0.0001363	0.0305844466201961
0.0001364	0.0381052203010768
0.0001365	0.0456259939819574
0.0001366	0.048132918542251
0.0001367	0.0531467676628381
0.0001368	0.0606675413437188
0.0001369	0.0656813904643059
0.000137	0.0732021641451865
0.0001371	0.0782160132657737
0.0001372	0.0832298623863608
0.0001373	0.0882437115069479
0.0001374	0.0907506360672414
0.0001375	0.0957644851878285
0.0001376	0.100778334308416
0.0001377	0.108299107989296
0.0001378	0.108299107989296
0.0001379	0.11080603254959
0.000138	0.118326806230471
0.0001381	0.118326806230471
0.0001382	0.123340655351058
0.0001383	0.128354504471645
0.0001384	0.130861429031938
0.0001385	0.133368353592232
0.0001386	0.135875278152525
0.0001387	0.138382202712819
0.0001388	0.138382202712819
0.0001389	0.140889127273113
0.000139	0.143396051833406
0.0001391	0.1459029763937
0.0001392	0.1459029763937
0.0001393	0.148409900953993
0.0001394	0.148409900953993
0.0001395	0.148409900953993
0.0001396	0.148409900953993
0.0001397	0.148409900953993
0.0001398	0.148409900953993
0.0001399	0.148409900953993
0.00014	0.148409900953993
0.0001401	0.148409900953993
0.0001402	0.143396051833406
0.0001403	0.143396051833406
0.0001404	0.140889127273113
0.0001405	0.140889127273113
0.0001406	0.135875278152525
0.0001407	0.135875278152525
0.0001408	0.133368353592232
0.0001409	0.130861429031938
0.000141	0.128354504471645
0.0001411	0.125847579911351
0.0001412	0.123340655351058
0.0001413	0.118326806230471
0.0001414	0.113312957109883
0.0001415	0.113312957109883
0.0001416	0.108299107989296
0.0001417	0.103285258868709
0.0001418	0.100778334308416
0.0001419	0.0957644851878285
0.000142	0.0907506360672414
0.0001421	0.0882437115069479
0.0001422	0.0832298623863608
0.0001423	0.0782160132657737
0.0001424	0.0732021641451865
0.0001425	0.0681883150245994
0.0001426	0.0631744659040123
0.0001427	0.0556536922231317
0.0001428	0.0531467676628381
0.0001429	0.048132918542251
0.000143	0.0406121448613703
0.0001431	0.0355982957407832
0.0001432	0.0330913711804897
0.0001433	0.025570597499609
0.0001434	0.0230636729393154
0.0001435	0.0155428992584348
0.0001436	0.0105290501378477
0.0001437	0.00551520101726055
0.0001438	0.000501351896673441
0.0001439	-0.00451249722391367
0.000144	-0.00952634634450078
0.0001441	-0.0170471200253814
0.0001442	-0.0220609691459686
0.0001443	-0.0245678937062621
0.0001444	-0.0371025165077299
0.0001445	-0.0396094410680234
0.0001446	-0.0396094410680234
0.0001447	-0.042116365628317
0.0001448	-0.0496371393091977
0.0001449	-0.0546509884297848
0.000145	-0.0596648375503719
0.0001451	-0.0621717621106654
0.0001452	-0.0671856112312526
0.0001453	-0.0696925357915461
0.0001454	-0.0772133094724268
0.0001455	-0.0797202340327203
0.0001456	-0.0822271585930139
0.0001457	-0.087241007713601
0.0001458	-0.0897479322738946
0.0001459	-0.0947617813944817
0.000146	-0.0972687059547752
0.0001461	-0.0997756305150688
0.0001462	-0.102282555075362
0.0001463	-0.104789479635656
0.0001464	-0.107296404195949
0.0001465	-0.109803328756243
0.0001466	-0.112310253316537
0.0001467	-0.11481717787683
0.0001468	-0.112310253316537
0.0001469	-0.117324102437124
0.000147	-0.117324102437124
0.0001471	-0.122337951557711
0.0001472	-0.122337951557711
0.0001473	-0.119831026997417
0.0001474	-0.119831026997417
0.0001475	-0.119831026997417
0.0001476	-0.122337951557711
0.0001477	-0.122337951557711
0.0001478	-0.122337951557711
0.0001479	-0.122337951557711
0.000148	-0.119831026997417
0.0001481	-0.119831026997417
0.0001482	-0.119831026997417
0.0001483	-0.117324102437124
0.0001484	-0.117324102437124
0.0001485	-0.117324102437124
0.0001486	-0.11481717787683
0.0001487	-0.11481717787683
0.0001488	-0.109803328756243
0.0001489	-0.107296404195949
0.000149	-0.104789479635656
0.0001491	-0.104789479635656
0.0001492	-0.102282555075362
0.0001493	-0.0997756305150688
0.0001494	-0.0972687059547752
0.0001495	-0.0922548568341881
0.0001496	-0.087241007713601
0.0001497	-0.087241007713601
0.0001498	-0.0797202340327203
0.0001499	-0.0797202340327203
0.00015	-0.0721994603518397
0.0001501	-0.0721994603518397
0.0001502	-0.0671856112312526
0.0001503	-0.064678686670959
0.0001504	-0.0621717621106654
0.0001505	-0.0546509884297848
0.0001506	-0.0496371393091977
0.0001507	-0.0471302147489041
0.0001508	-0.042116365628317
0.0001509	-0.0396094410680234
0.000151	-0.0371025165077299
0.0001511	-0.0320886673871428
0.0001512	-0.0270748182665557
0.0001513	-0.0245678937062621
0.0001514	-0.0170471200253814
0.0001515	-0.0145401954650879
0.0001516	-0.00952634634450078
0.0001517	-0.00451249722391367
0.0001518	0.000501351896673441
0.0001519	0.003008276456967
0.000152	0.00551520101726055
0.0001521	0.0130359746981412
0.0001522	0.0155428992584348
0.0001523	0.0205567483790219
0.0001524	0.025570597499609
0.0001525	0.0280775220599025
0.0001526	0.0330913711804897
0.0001527	0.0355982957407832
0.0001528	0.0406121448613703
0.0001529	0.0431190694216639
0.000153	0.048132918542251
0.0001531	0.0506398431025445
0.0001532	0.0531467676628381
0.0001533	0.0606675413437188
0.0001534	0.0606675413437188
0.0001535	0.0656813904643059
0.0001536	0.0681883150245994
0.0001537	0.070695239584893
0.0001538	0.0732021641451865
0.0001539	0.0757090887054801
0.000154	0.0807229378260672
0.0001541	0.0807229378260672
0.0001542	0.0832298623863608
0.0001543	0.0882437115069479
0.0001544	0.0907506360672414
0.0001545	0.0907506360672414
0.0001546	0.093257560627535
0.0001547	0.0957644851878285
0.0001548	0.0957644851878285
0.0001549	0.0957644851878285
0.000155	0.0982714097481221
0.0001551	0.0982714097481221
0.0001552	0.0982714097481221
0.0001553	0.0982714097481221
0.0001554	0.0982714097481221
0.0001555	0.100778334308416
0.0001556	0.100778334308416
0.0001557	0.100778334308416
0.0001558	0.103285258868709
0.0001559	0.0982714097481221
0.000156	0.0982714097481221
0.0001561	0.0982714097481221
0.0001562	0.0982714097481221
0.0001563	0.0982714097481221
0.0001564	0.0957644851878285
0.0001565	0.093257560627535
0.0001566	0.0907506360672414
0.0001567	0.093257560627535
0.0001568	0.0907506360672414
0.0001569	0.0907506360672414
0.000157	0.0882437115069479
0.0001571	0.0857367869466543
0.0001572	0.0832298623863608
0.0001573	0.0807229378260672
0.0001574	0.0782160132657737
0.0001575	0.0757090887054801
0.0001576	0.0732021641451865
0.0001577	0.070695239584893
0.0001578	0.0656813904643059
0.0001579	0.0656813904643059
0.000158	0.0631744659040123
0.0001581	0.0606675413437188
0.0001582	0.0581606167834252
0.0001583	0.0556536922231317
0.0001584	0.0506398431025445
0.0001585	0.048132918542251
0.0001586	0.0431190694216639
0.0001587	0.0406121448613703
0.0001588	0.0381052203010768
0.0001589	0.0330913711804897
0.000159	0.0305844466201961
0.0001591	0.025570597499609
0.0001592	0.0230636729393154
0.0001593	0.0205567483790219
0.0001594	0.0155428992584348
0.0001595	0.0105290501378477
0.0001596	0.00802212557755411
0.0001597	0.00551520101726055
0.0001598	0.000501351896673441
0.0001599	-0.00200557266362011
0.00016	-0.00451249722391367
0.0001601	-0.00952634634450078
0.0001602	-0.0120332709047943
0.0001603	-0.0170471200253814
0.0001604	-0.019554044585675
0.0001605	-0.0220609691459686
0.0001606	-0.0270748182665557
0.0001607	-0.0295817428268492
0.0001608	-0.0345955919474363
0.0001609	-0.0345955919474363
0.000161	-0.0396094410680234
0.0001611	-0.042116365628317
0.0001612	-0.0446232901886106
0.0001613	-0.0471302147489041
0.0001614	-0.0521440638694912
0.0001615	-0.0521440638694912
0.0001616	-0.0571579129900783
0.0001617	-0.0596648375503719
0.0001618	-0.0596648375503719
0.0001619	-0.064678686670959
0.000162	-0.064678686670959
0.0001621	-0.0671856112312526
0.0001622	-0.0671856112312526
0.0001623	-0.0696925357915461
0.0001624	-0.0747063849121332
0.0001625	-0.0747063849121332
0.0001626	-0.0747063849121332
0.0001627	-0.0747063849121332
0.0001628	-0.0797202340327203
0.0001629	-0.0797202340327203
0.000163	-0.0797202340327203
0.0001631	-0.0822271585930139
0.0001632	-0.0797202340327203
0.0001633	-0.0822271585930139
0.0001634	-0.0822271585930139
0.0001635	-0.0822271585930139
0.0001636	-0.0847340831533074
0.0001637	-0.0822271585930139
0.0001638	-0.0822271585930139
0.0001639	-0.0822271585930139
0.000164	-0.0822271585930139
0.0001641	-0.0822271585930139
0.0001642	-0.0797202340327203
0.0001643	-0.0797202340327203
0.0001644	-0.0797202340327203
0.0001645	-0.0797202340327203
0.0001646	-0.0772133094724268
0.0001647	-0.0747063849121332
0.0001648	-0.0772133094724268
0.0001649	-0.0747063849121332
0.000165	-0.0747063849121332
0.0001651	-0.0721994603518397
0.0001652	-0.0671856112312526
0.0001653	-0.0671856112312526
0.0001654	-0.0671856112312526
0.0001655	-0.0671856112312526
0.0001656	-0.0621717621106654
0.0001657	-0.0571579129900783
0.0001658	-0.0571579129900783
0.0001659	-0.0546509884297848
0.000166	-0.0521440638694912
0.0001661	-0.0496371393091977
0.0001662	-0.0446232901886106
0.0001663	-0.0446232901886106
0.0001664	-0.042116365628317
0.0001665	-0.0396094410680234
0.0001666	-0.0371025165077299
0.0001667	-0.0345955919474363
0.0001668	-0.0295817428268492
0.0001669	-0.0270748182665557
0.000167	-0.0245678937062621
0.0001671	-0.019554044585675
0.0001672	-0.0245678937062621
0.0001673	-0.0170471200253814
0.0001674	-0.0145401954650879
0.0001675	-0.0120332709047943
0.0001676	-0.00701942178420722
0.0001677	-0.00701942178420722
0.0001678	0.000501351896673441
0.0001679	0.000501351896673441
0.000168	0.003008276456967
0.0001681	0.00802212557755411
0.0001682	0.0130359746981412
0.0001683	0.0130359746981412
0.0001684	0.0155428992584348
0.0001685	0.0155428992584348
0.0001686	0.0205567483790219
0.0001687	0.0230636729393154
0.0001688	0.025570597499609
0.0001689	0.0280775220599025
0.000169	0.0330913711804897
0.0001691	0.0330913711804897
0.0001692	0.0355982957407832
0.0001693	0.0381052203010768
0.0001694	0.0406121448613703
0.0001695	0.0431190694216639
0.0001696	0.0456259939819574
0.0001697	0.048132918542251
0.0001698	0.048132918542251
0.0001699	0.0531467676628381
0.00017	0.0531467676628381
0.0001701	0.0556536922231317
0.0001702	0.0556536922231317
0.0001703	0.0581606167834252
0.0001704	0.0606675413437188
0.0001705	0.0606675413437188
0.0001706	0.0606675413437188
0.0001707	0.0631744659040123
0.0001708	0.0631744659040123
0.0001709	0.0656813904643059
0.000171	0.0656813904643059
0.0001711	0.0656813904643059
0.0001712	0.0681883150245994
0.0001713	0.070695239584893
0.0001714	0.0681883150245994
0.0001715	0.070695239584893
0.0001716	0.070695239584893
0.0001717	0.0681883150245994
0.0001718	0.0681883150245994
0.0001719	0.0681883150245994
0.000172	0.0681883150245994
0.0001721	0.0681883150245994
0.0001722	0.0681883150245994
0.0001723	0.0631744659040123
0.0001724	0.0656813904643059
0.0001725	0.0631744659040123
0.0001726	0.0631744659040123
0.0001727	0.0631744659040123
0.0001728	0.0631744659040123
0.0001729	0.0631744659040123
0.000173	0.0606675413437188
0.0001731	0.0606675413437188
0.0001732	0.0581606167834252
0.0001733	0.0556536922231317
0.0001734	0.0556536922231317
0.0001735	0.0506398431025445
0.0001736	0.0506398431025445
0.0001737	0.048132918542251
0.0001738	0.048132918542251
0.0001739	0.0456259939819574
0.000174	0.0456259939819574
0.0001741	0.0406121448613703
0.0001742	0.0406121448613703
0.0001743	0.0355982957407832
0.0001744	0.0355982957407832
0.0001745	0.0330913711804897
0.0001746	0.0305844466201961
0.0001747	0.0280775220599025
0.0001748	0.0280775220599025
0.0001749	0.0230636729393154
0.000175	0.0205567483790219
0.0001751	0.0180498238187283
0.0001752	0.0130359746981412
0.0001753	0.0130359746981412
0.0001754	0.0130359746981412
0.0001755	0.0105290501378477
0.0001756	0.00551520101726055
0.0001757	0.00551520101726055
0.0001758	0.003008276456967
0.0001759	0.000501351896673441
0.000176	-0.00200557266362011
0.0001761	-0.00451249722391367
0.0001762	-0.00952634634450078
0.0001763	-0.00952634634450078
0.0001764	-0.0145401954650879
0.0001765	-0.0170471200253814
0.0001766	-0.0170471200253814
0.0001767	-0.019554044585675
0.0001768	-0.0220609691459686
0.0001769	-0.0245678937062621
0.000177	-0.0270748182665557
0.0001771	-0.0270748182665557
0.0001772	-0.0320886673871428
0.0001773	-0.0320886673871428
0.0001774	-0.0320886673871428
0.0001775	-0.0345955919474363
0.0001776	-0.0371025165077299
0.0001777	-0.0396094410680234
0.0001778	-0.042116365628317
0.0001779	-0.042116365628317
0.000178	-0.0446232901886106
0.0001781	-0.0471302147489041
0.0001782	-0.0471302147489041
0.0001783	-0.0471302147489041
0.0001784	-0.0496371393091977
0.0001785	-0.0521440638694912
0.0001786	-0.0521440638694912
0.0001787	-0.0521440638694912
0.0001788	-0.0521440638694912
0.0001789	-0.0546509884297848
0.000179	-0.0546509884297848
0.0001791	-0.0546509884297848
0.0001792	-0.0546509884297848
0.0001793	-0.0546509884297848
0.0001794	-0.0596648375503719
0.0001795	-0.0571579129900783
0.0001796	-0.0571579129900783
0.0001797	-0.0571579129900783
0.0001798	-0.0546509884297848
0.0001799	-0.0571579129900783
0.00018	-0.0546509884297848
0.0001801	-0.0571579129900783
0.0001802	-0.0546509884297848
0.0001803	-0.0571579129900783
0.0001804	-0.0571579129900783
0.0001805	-0.0546509884297848
0.0001806	-0.0521440638694912
0.0001807	-0.0521440638694912
0.0001808	-0.0521440638694912
0.0001809	-0.0521440638694912
0.000181	-0.0496371393091977
0.0001811	-0.0471302147489041
0.0001812	-0.0471302147489041
0.0001813	-0.0471302147489041
0.0001814	-0.0446232901886106
0.0001815	-0.0446232901886106
0.0001816	-0.0446232901886106
0.0001817	-0.042116365628317
0.0001818	-0.0396094410680234
0.0001819	-0.0396094410680234
0.000182	-0.0371025165077299
0.0001821	-0.0371025165077299
0.0001822	-0.0320886673871428
0.0001823	-0.0320886673871428
0.0001824	-0.0295817428268492
0.0001825	-0.0295817428268492
0.0001826	-0.0270748182665557
0.0001827	-0.0245678937062621
0.0001828	-0.0245678937062621
0.0001829	-0.019554044585675
0.000183	-0.019554044585675
0.0001831	-0.0170471200253814
0.0001832	-0.0145401954650879
0.0001833	-0.0120332709047943
0.0001834	-0.00952634634450078
0.0001835	-0.00701942178420722
0.0001836	-0.00451249722391367
0.0001837	-0.00451249722391367
0.0001838	-0.00200557266362011
0.0001839	-0.00200557266362011
0.000184	0.000501351896673441
0.0001841	0.00551520101726055
0.0001842	0.00551520101726055
0.0001843	0.00802212557755411
0.0001844	0.0105290501378477
0.0001845	0.0130359746981412
0.0001846	0.0155428992584348
0.0001847	0.0155428992584348
0.0001848	0.0155428992584348
0.0001849	0.0180498238187283
0.000185	0.0280775220599025
0.0001851	0.0230636729393154
0.0001852	0.0230636729393154
0.0001853	0.025570597499609
0.0001854	0.0280775220599025
0.0001855	0.0305844466201961
0.0001856	0.0305844466201961
0.0001857	0.0305844466201961
0.0001858	0.0305844466201961
0.0001859	0.0355982957407832
0.000186	0.0355982957407832
0.0001861	0.0355982957407832
0.0001862	0.0381052203010768
0.0001863	0.0381052203010768
0.0001864	0.0406121448613703
0.0001865	0.0406121448613703
0.0001866	0.0406121448613703
0.0001867	0.0406121448613703
0.0001868	0.0431190694216639
0.0001869	0.0456259939819574
0.000187	0.0431190694216639
0.0001871	0.0456259939819574
0.0001872	0.0431190694216639
0.0001873	0.0456259939819574
0.0001874	0.0506398431025445
0.0001875	0.0431190694216639
0.0001876	0.048132918542251
0.0001877	0.0431190694216639
0.0001878	0.048132918542251
0.0001879	0.0456259939819574
0.000188	0.0456259939819574
0.0001881	0.0456259939819574
0.0001882	0.0456259939819574
0.0001883	0.0456259939819574
0.0001884	0.0456259939819574
0.0001885	0.0431190694216639
0.0001886	0.0431190694216639
0.0001887	0.0431190694216639
0.0001888	0.0431190694216639
0.0001889	0.0431190694216639
0.000189	0.0406121448613703
0.0001891	0.0406121448613703
0.0001892	0.0406121448613703
0.0001893	0.0406121448613703
0.0001894	0.0355982957407832
0.0001895	0.0355982957407832
0.0001896	0.0355982957407832
0.0001897	0.0355982957407832
0.0001898	0.0330913711804897
0.0001899	0.0305844466201961
0.00019	0.0280775220599025
0.0001901	0.0280775220599025
0.0001902	0.0280775220599025
0.0001903	0.025570597499609
0.0001904	0.025570597499609
0.0001905	0.0230636729393154
0.0001906	0.0230636729393154
0.0001907	0.0205567483790219
0.0001908	0.0180498238187283
0.0001909	0.0155428992584348
0.000191	0.0155428992584348
0.0001911	0.0130359746981412
0.0001912	0.0130359746981412
0.0001913	0.0105290501378477
0.0001914	0.00802212557755411
0.0001915	0.00551520101726055
0.0001916	0.00802212557755411
0.0001917	0.00551520101726055
0.0001918	0.003008276456967
0.0001919	0.000501351896673441
0.000192	0.000501351896673441
0.0001921	-0.00200557266362011
0.0001922	-0.00451249722391367
0.0001923	-0.00701942178420722
0.0001924	-0.00952634634450078
0.0001925	-0.00952634634450078
0.0001926	-0.0120332709047943
0.0001927	-0.0170471200253814
0.0001928	-0.0120332709047943
0.0001929	-0.0170471200253814
0.000193	-0.0170471200253814
0.0001931	-0.019554044585675
0.0001932	-0.019554044585675
0.0001933	-0.019554044585675
0.0001934	-0.0220609691459686
0.0001935	-0.0245678937062621
0.0001936	-0.0245678937062621
0.0001937	-0.0270748182665557
0.0001938	-0.0270748182665557
0.0001939	-0.0270748182665557
0.000194	-0.0295817428268492
0.0001941	-0.0295817428268492
0.0001942	-0.0320886673871428
0.0001943	-0.0320886673871428
0.0001944	-0.0320886673871428
0.0001945	-0.0345955919474363
0.0001946	-0.0320886673871428
0.0001947	-0.0371025165077299
0.0001948	-0.0371025165077299
0.0001949	-0.0371025165077299
0.000195	-0.0371025165077299
0.0001951	-0.0371025165077299
0.0001952	-0.0371025165077299
0.0001953	-0.0371025165077299
0.0001954	-0.0396094410680234
0.0001955	-0.0396094410680234
0.0001956	-0.0396094410680234
0.0001957	-0.0371025165077299
0.0001958	-0.0396094410680234
0.0001959	-0.0396094410680234
0.000196	-0.0396094410680234
0.0001961	-0.0371025165077299
0.0001962	-0.0371025165077299
0.0001963	-0.0371025165077299
0.0001964	-0.0371025165077299
0.0001965	-0.0371025165077299
0.0001966	-0.0371025165077299
0.0001967	-0.0371025165077299
0.0001968	-0.0345955919474363
0.0001969	-0.0345955919474363
0.000197	-0.0345955919474363
0.0001971	-0.0320886673871428
0.0001972	-0.0320886673871428
0.0001973	-0.0320886673871428
0.0001974	-0.0320886673871428
0.0001975	-0.0295817428268492
0.0001976	-0.0295817428268492
0.0001977	-0.0295817428268492
0.0001978	-0.0270748182665557
0.0001979	-0.0270748182665557
0.000198	-0.0245678937062621
0.0001981	-0.0245678937062621
0.0001982	-0.0245678937062621
0.0001983	-0.0220609691459686
0.0001984	-0.0220609691459686
0.0001985	-0.019554044585675
0.0001986	-0.019554044585675
0.0001987	-0.0170471200253814
0.0001988	-0.0170471200253814
0.0001989	-0.0170471200253814
0.000199	-0.0120332709047943
0.0001991	-0.00952634634450078
0.0001992	-0.0120332709047943
0.0001993	-0.00952634634450078
0.0001994	-0.00701942178420722
0.0001995	-0.00701942178420722
0.0001996	-0.00451249722391367
0.0001997	-0.00451249722391367
0.0001998	-0.00200557266362011
0.0001999	-0.00200557266362011
0.0002	0.000501351896673441
0.0002001	0.000501351896673441
0.0002002	0.003008276456967
0.0002003	0.003008276456967
0.0002004	0.00802212557755411
0.0002005	0.00802212557755411
0.0002006	0.00802212557755411
0.0002007	0.00802212557755411
0.0002008	0.0105290501378477
0.0002009	0.0155428992584348
0.000201	0.0155428992584348
0.0002011	0.0130359746981412
0.0002012	0.0155428992584348
0.0002013	0.0180498238187283
0.0002014	0.0155428992584348
0.0002015	0.0180498238187283
0.0002016	0.0180498238187283
0.0002017	0.0205567483790219
0.0002018	0.0230636729393154
0.0002019	0.0230636729393154
0.000202	0.0230636729393154
0.0002021	0.0230636729393154
0.0002022	0.025570597499609
0.0002023	0.025570597499609
0.0002024	0.0280775220599025
0.0002025	0.0280775220599025
0.0002026	0.0280775220599025
0.0002027	0.0280775220599025
0.0002028	0.0280775220599025
0.0002029	0.0280775220599025
0.000203	0.0305844466201961
0.0002031	0.0280775220599025
0.0002032	0.0305844466201961
0.0002033	0.0305844466201961
0.0002034	0.0305844466201961
0.0002035	0.0305844466201961
0.0002036	0.0305844466201961
0.0002037	0.0305844466201961
0.0002038	0.0305844466201961
0.0002039	0.0330913711804897
0.000204	0.0305844466201961
0.0002041	0.0305844466201961
0.0002042	0.0305844466201961
0.0002043	0.0305844466201961
0.0002044	0.0305844466201961
0.0002045	0.0305844466201961
0.0002046	0.0305844466201961
0.0002047	0.0280775220599025
